840.187744
394.382935
783.099243
798.440063
911.647400
197.551376
335.222748
768.229614
277.774719
553.969971
477.397064
628.870911
364.784485
513.400940
952.229736
916.195068
635.711731
717.296936
141.602554
606.968872
16.300571
242.886765
137.231567
804.176758
156.679092
400.944397
129.790436
108.808800
998.924500
218.256912
512.932434
839.112244
612.639832
296.031616
637.552246
524.287170
493.583008
972.775024
292.516785
771.357727
526.744934
769.913879
400.228607
891.529419
283.314728
352.458344
807.724548
919.026489
69.755280
949.327026
525.995361
86.055847
192.213852
663.226929
890.232605
348.892914
64.171318
20.023048
457.701752
63.095837
238.279953
970.634094
902.208069
850.919800
266.665771
539.760376
375.206970
760.248718
512.535400
667.723755
531.606445
39.280342
437.637604
931.835083
930.809814
720.952332
284.293427
738.534302
639.978821
354.048676
687.861389
165.974167
440.104523
880.075195
829.201111
330.337128
228.968170
893.372437
350.360199
686.669861
956.468201
588.640137
657.304077
858.676331
439.559906
923.969788
398.436676
814.766907
684.218506
910.972046
482.490662
215.824966
950.252380
920.128235
147.660019
881.062134
641.080627
431.953430
619.596497
281.059418
786.002075
307.457855
447.033569
226.106628
187.533112
276.234680
556.443726
416.501282
169.607086
906.803894
103.171188
126.075340
495.444061
760.475220
984.751648
935.003967
684.445007
383.188324
749.770874
368.663544
294.160370
232.261536
584.488525
244.412735
152.389801
732.148499
125.474899
793.470398
164.101929
745.071411
74.529800
950.104065
52.529259
521.563354
176.210663
240.062378
797.798035
732.654419
656.563660
967.405151
639.458374
759.734863
93.480476
134.902420
520.210083
78.232140
69.906395
204.655075
461.420471
819.677307
573.318604
755.580872
51.938816
157.807129
999.993591
204.328613
889.955627
125.468475
997.798950
54.057575
870.539856
72.328796
4.161609
923.069092
593.892151
180.372269
163.131500
391.690216
913.026672
819.695190
359.095367
552.485046
579.429993
452.575836
687.387390
99.640060
530.807983
757.293823
304.295166
992.228455
576.971130
877.613770
747.809265
628.909973
35.420906
747.802856
833.238525
925.376526
873.271362
831.037537
979.434143
743.811218
903.366333
983.595703
666.880310
497.258514
163.968002
830.011841
888.948730
76.994682
649.706970
248.044113
629.479736
229.136978
700.619934
316.867157
328.777039
231.427948
74.160973
633.072205
223.656418
651.132080
510.685974
971.465698
280.042023
546.106873
719.268555
113.280556
471.483429
592.539917
944.318115
450.917572
336.351135
847.684448
434.513306
3.231460
344.942963
598.481323
833.243286
233.891708
675.475952
482.950256
481.935822
304.955688
712.087280
182.555801
621.822815
40.864304
413.983734
695.983765
673.936462
637.640198
347.115875
184.622467
609.105896
627.157837
730.729370
328.374451
740.438477
202.212784
920.914368
684.756531
653.130371
257.265472
532.440979
87.643631
260.496948
877.383972
686.124939
93.740242
111.275627
361.600891
576.690491
593.211487
666.556580
288.777771
775.767273
288.379395
329.642090
189.750992
984.363220
3.578574
827.391174
331.479065
188.201035
436.497009
958.636963
918.930420
764.871399
699.075378
121.143166
685.785767
383.831940
774.273499
943.051270
916.272949
861.917114
203.548218
793.656799
548.042053
297.288452
904.932495
909.642944
873.978943
498.143921
576.199524
162.756744
273.911163
864.578979
492.398834
463.662140
848.942139
495.977417
291.053284
180.421234
684.178406
727.550293
139.058197
603.108826
492.421722
838.133545
724.252014
178.207520
221.965530
498.525482
121.258781
138.238464
360.442596
324.806976
931.895325
908.484619
622.095459
836.827759
818.127625
496.074402
334.971710
394.327148
658.831177
608.882874
258.906128
151.229980
72.545006
107.848282
647.207397
363.598297
288.269531
331.385834
91.148575
427.327728
934.494690
583.570312
265.461334
658.746643
761.777832
487.426880
157.272110
883.036621
625.665283
517.714722
207.843582
557.560608
426.199371
829.939087
394.388367
244.326996
326.013489
729.360046
638.654175
984.844604
338.242920
897.560242
136.074615
410.787933
5.408548
783.281982
774.386230
293.678070
114.667809
865.534851
721.005798
49.162460
449.105103
986.467102
707.909119
210.882919
473.893982
865.181213
93.919510
99.559303
382.895935
301.763092
657.119934
809.095337
131.702133
51.508286
53.422295
457.715607
780.868347
692.076416
442.560211
119.111282
589.636658
578.634888
529.899231
595.045288
361.916840
304.285461
888.723328
476.584656
169.820267
609.729126
525.747131
618.925415
596.196228
233.656219
829.808289
70.090202
98.837418
923.727783
169.649490
481.733337
225.490906
826.769409
290.828674
357.193054
878.277710
344.250946
814.908691
659.146057
36.327400
257.468903
778.257324
625.964111
836.103760
308.156555
221.009354
198.020599
612.442017
109.732689
674.605225
782.262268
719.461792
200.352356
401.187653
315.658020
434.008575
230.995956
385.748230
532.845947
154.723770
555.397766
14.579344
380.214661
382.167175
305.407990
737.407715
260.444855
649.658997
552.316345
919.590881
685.986328
809.785278
697.848206
311.950470
645.889038
6.004773
532.959839
843.909607
618.446777
642.692505
518.514893
400.709045
362.154327
718.867249
801.896667
677.812317
152.875793
32.892651
63.560596
685.721802
187.616409
618.958374
700.301086
567.831116
1.125480
5.709142
305.238800
261.570343
655.368103
857.555237
181.161209
341.354462
667.340515
879.009399
653.304932
313.229553
885.014221
186.264786
157.139175
503.460999
828.957336
675.654053
904.170044
191.111633
394.521301
706.066711
868.924011
547.397095
738.959351
932.484619
233.118896
926.575806
551.442932
933.419983
494.406891
552.568420
939.129150
799.645752
814.138733
594.497253
657.200928
995.299927
935.851746
324.541412
874.309387
589.156677
637.770935
759.323608
775.421448
794.910156
262.784576
604.378784
470.564209
166.954605
795.490356
865.085510
873.021362
664.414429
412.482574
611.980713
596.899048
645.601501
538.556519
148.341934
579.021484
32.963394
700.910339
518.150696
832.609131
515.049072
112.647942
489.809998
510.349030
48.499680
814.351440
384.658386
637.656372
452.122375
143.981995
413.077820
247.032532
406.766571
17.456602
717.596741
573.721191
812.947021
582.682251
446.742523
477.361420
995.164856
58.723244
74.260429
640.766296
597.279785
222.602371
219.787842
630.243164
923.512695
737.938538
462.852234
438.561798
850.586487
952.662231
948.910828
899.086121
767.013672
333.569214
536.742493
219.136063
477.551208
949.820312
466.168579
884.317810
967.276917
183.765350
458.038971
780.223938
766.447632
904.781494
257.585388
761.612427
963.504761
331.845795
402.378754
560.784546
554.448181
622.166626
191.027664
477.960876
360.105133
653.879944
916.522705
210.691559
606.542175
865.433533
109.777687
373.555847
199.002731
646.520203
592.691895
676.553955
596.340515
58.860493
560.871765
563.617432
242.625839
18.910755
343.841370
9.073436
923.692261
601.426697
770.685852
887.197021
933.272522
173.064651
447.981537
487.720703
795.231262
639.009155
965.681580
155.336380
292.889130
882.204224
366.027954
899.431274
747.637756
475.805634
272.987122
946.640503
122.325813
865.679016
623.194458
718.666321
924.539490
184.066223
282.283752
167.165359
202.976974
626.125183
176.238785
126.669243
227.551880
946.924683
13.866257
160.824417
119.989319
461.847778
648.545166
915.220581
100.856972
614.226685
70.556969
393.746063
496.430969
436.584930
293.177368
244.068726
912.390503
566.164490
190.709213
34.716358
431.843506
813.903687
753.382690
356.383026
997.969849
35.666439
523.548340
200.946869
661.791565
699.787109
327.616119
889.343445
646.711853
341.482361
50.167885
766.701172
803.330200
698.713013
681.921692
904.187134
312.939697
752.478699
297.933228
809.370667
189.063614
591.110596
53.439396
101.454155
157.275101
244.148605
136.170502
589.118591
58.052284
889.553162
945.501648
56.022179
925.219666
469.050018
256.969055
587.011230
168.837158
584.585205
476.354645
815.549011
926.067505
526.522583
582.250122
729.397705
225.235565
264.171875
633.584839
538.175293
16.650581
931.518066
347.545959
205.714203
522.628662
400.985352
307.168335
679.903748
645.133972
443.338867
269.022339
703.186279
332.892059
214.523987
759.208435
258.111694
683.574036
16.177475
845.122864
852.411133
600.762695
321.477539
667.960144
526.830200
848.000122
250.210312
256.227875
73.235664
514.382202
889.812683
611.410889
531.032715
821.330811
958.956909
736.746948
343.959442
359.942230
43.915306
23.863199
5.076203
487.254181
292.885559
708.262451
820.146179
507.409576
467.470886
78.257881
190.983551
483.648346
923.380737
43.394711
84.410995
244.858307
711.354858
611.241150
92.858406
961.565186
867.469055
166.094070
475.947357
757.281799
777.505005
6.980115
578.612549
736.461853
743.727112
922.572021
96.404121
787.642334
946.435242
101.480324
274.896545
239.320786
809.742737
95.042747
746.730347
277.213623
173.300629
937.713867
760.862000
96.681389
981.108582
845.273010
341.539673
692.463440
456.514191
434.398071
654.028625
323.983246
600.492188
129.975983
81.265030
377.997162
136.956100
659.877625
114.459030
880.683167
582.449585
210.863159
668.325562
528.884827
312.343475
943.222107
768.205627
122.086250
38.264835
514.935974
399.299896
211.565460
452.649841
160.161896
308.246857
433.758423
5.434890
649.786560
126.221878
461.949066
84.184647
780.250488
785.932312
684.676819
910.226501
867.197327
62.673950
47.182606
527.074951
177.132980
927.865784
109.524582
387.996124
596.191345
638.409424
700.339600
539.413391
406.615051
822.425842
577.678284
921.550964
221.725769
789.243713
374.200836
381.887634
97.490570
807.959229
387.322540
747.277161
934.181152
849.271606
831.461792
714.431641
635.203918
516.138550
624.658142
502.401306
578.812561
671.840759
29.476223
755.945496
599.706543
139.000809
143.941620
195.897873
777.410278
844.281250
735.311279
184.025284
666.707092
312.989532
105.576302
888.432861
102.233269
479.777130
270.320496
199.723846
287.736389
657.643005
947.000977
221.917542
506.914673
778.462708
936.349243
142.118576
294.601288
561.007385
644.519836
873.413818
232.848129
673.996094
629.359314
832.554626
812.996887
773.300964
28.452538
590.407104
617.582214
763.763855
774.432434
284.289276
76.753380
880.008667
172.722137
178.986633
359.785858
443.042633
378.710480
647.522278
100.685677
325.711456
869.439758
607.600342
104.174179
805.789001
749.718933
398.775482
366.796356
394.238739
272.189301
599.644409
68.234818
901.548645
432.199127
881.231689
674.849548
460.651642
471.638794
292.431732
224.415482
246.071198
576.721008
301.168854
126.079918
749.443176
480.155487
485.865784
192.485794
858.865967
133.388016
293.171478
184.577438
2.827794
900.771790
288.751587
808.616760
650.490723
687.527100
175.413101
44.729469
959.716370
775.057556
112.964287
861.265015
207.256668
994.195984
536.114563
667.908325
465.834778
828.546326
892.323792
711.905945
405.267365
193.492661
837.985901
154.710495
673.648193
323.851654
347.196320
532.514160
